22
25
27
53
44
36
34
35
36
30
26
25
28
30
25
25
23
27
33
28
31
31
26
2
28
33
27
26
31
31
34
29
51
55
36
43
50
39
43
40
41
40
44
33
35
26
25
25
43
47
22
31
29
15546
14509
14238
11009
38
37
2
38
2
46
33
45
33
30
34
30
30
28
42
41
30
33
38
29
41
53
40
44
46
47
46
56
46
48
48
50
79
56
47
49
70
45
47
46
49
68
43
48
46
37
31
28
36
30
35
41
35
35
29
32
29
37
39
32
30
26
40
76
55
92
39
40
42
36
41
32
67
70
30
30
37
45
34
67
54
33
30
27
3
3
2
2
2
1
1
1
1
27
2
1
1
1
1
1
1
1
2
26
30
27
32
34
28
31
8
3714
1
270
0
0
1
0
1
6
1
1
9
1
0
390
24
28
32
8
3638
0
265
1
0
0
1
1
4
1
1
3
1
9
379
29
31
10
3504
1
305
0
0
1
0
1
4
1
1
1
1
1
397
32
36
9
3374
1
0
257
1
1
1
0
2
6
1
1
2
1
1
379
41
9
4025
2
1
346
1
1
0
0
1
5
3
1
1
1
0
472
35
8
3636
2
0
292
1
1
1
1
4
2
1
1
1
2
478
37
36
9
3440
1
2
285
0
0
1
2
7
2
1
1
1
1
0
375
